1001
John Doe
595521 500.00
693587 1575.25
348796 10978.23
>
9753
Jane Doe
289764 1000.00
158796 15987.96
>
8662
Richard Roe
878787 157000.00
987987 15463.78
454545 568.36
>
4700
Mark Moe
562562 55.00
478947 10587.35
987654 500.67
562561 17855.00
478946 40589.35
987653 5001.67
>
5953
Larry Loe
111111 9853.46
222222 8798.32
333333 10258.35
444444 57893.25
555555 478975.35
666666 99863.25
777777 56981.36
>
6268
William Forsyth
888888 25000.00
999999 95000.00
>
7480
Rick Snyder
121212 973.18
232323 8989.33
343434 5896.35
454546 9875.99
565656 50000.00
>
2899
Vince Voe
123456 500000.00
123457 789443.25
123458 458963.55
123459 25000.00
123460 95000.00
>
3512
Joe Shmoe
987652 47581.10
987651 256.54
>
