595521 500.00
693587 1575.25
348796 10978.23

289764 1000.00
158796 15987.96

878787 157000.00
987987 15463.78
454545 568.36

555550 35.00
445544 95.00

562562 55.00
478947 10587.35
987654 500.67
562561 17855.00
478946 40589.35
987653 5001.67

111111 9853.46
222222 8798.32
333333 10258.35
444444 57893.25
555555 478975.35
666666 99863.25
777777 56981.36

888888 25000.00
999999 95000.00

121212 73.18
232323 89.33
343434 56.35
454546 875.99
565656 50.00

123456 500.00
123456 -50.00
123457 -443.25
123457 43.25
123458 -63.55
123459 25.00
123459 125.00
123459 525.00
123459 -425.00
123459 -22.00
123459 725.00
123459 525.00
123459 -25.00
123460 50.00
123460 -5.50

987652 475.10
987651 5256.54
